14 16 7 ! Header: nswbands, nlwbands, num_aero_spc
WATER_DATA
1.39555 0.0144461 ! Band 1
1.13184 0.0881911 ! Band 2
1.27615 0.000516278 ! Band 3
1.29484 0.000728505 ! Band 4
1.30419 0.00012052 ! Band 5
1.31299 0.000362321 ! Band 6
1.31666 1.08923e-05 ! Band 7
1.32201 3.3502e-06 ! Band 8
1.32885 3.15666e-08 ! Band 9
1.33757 1.65194e-09 ! Band 10
1.35119 1.75594e-09 ! Band 11
1.371 4.05956e-09 ! Band 12
1.41138 1.10843e-08 ! Band 13
1.30036 0.0324603 ! Band 14
WATER_LW_PART
1.614 0.51449
1.52331 0.355033
1.38769 0.42742
1.2475 0.403522
1.13101 0.31888
1.12067 0.10576
1.20873 0.0466849
1.24284 0.0387915
1.27379 0.0334112
1.29614 0.0320616
1.29688 0.130282
1.29978 0.0105824
1.31171 0.0150092
1.31938 0.00871337
1.33344 0.00469001
1.40004 0.016874
DUST_DATA
1.51 0.00339581 ! Band 1
1.52 0.00505917 ! Band 2
1.52357 0.00212984 ! Band 3
1.52909 0.00148827 ! Band 4
1.53 0.00119461 ! Band 5
1.53 0.00101496 ! Band 6
1.53 0.000915883 ! Band 7
1.53 0.000755221 ! Band 8
1.53 0.000737951 ! Band 9
1.53 0.00120477 ! Band 10
1.53 0.00252423 ! Band 11
1.53 0.00538468 ! Band 12
1.53 0.005455 ! Band 13
1.44044 0.065832 ! Band 14
DUST_LW_DATA
2.34 0.5866
2.81738 0.715679
1.66618 0.560684
1.50888 0.247696
1.93973 0.189151
1.82548 0.209203
2.91903 0.658078
1.52182 0.425894
1.25889 0.0962839
1.44723 0.0698406
1.43508 0.0656262
1.47361 0.0139524
1.49505 0.00200069
1.5 0.00144893
1.5 0.00122419
1.51 0.00344
SMOKE_DATA
1.54 0.018 ! Band 1
1.54 0.018 ! Band 2
1.54 0.018 ! Band 3
1.54 0.018 ! Band 4
1.54 0.018 ! Band 5
1.54 0.018 ! Band 6
1.54 0.018 ! Band 7
1.54 0.018 ! Band 8
1.54 0.018 ! Band 9
1.54 0.0242899 ! Band 10
1.54 0.0715592 ! Band 11
1.54 0.1008 ! Band 12
1.54 0.1008 ! Band 13
1.43884 0.155708 ! Band 14
SMOKE_LW_DATA
1.872 1.5
1.96162 0.770952
2.03045 0.608967
1.43831 0.596634
1.62106 0.173797
1.7197 0.147965
1.90638 0.343681
2.49694 0.990663
1.24057 0.197431
1.42848 0.174554
1.42884 0.0749028
1.4558 0.0417524
1.46728 0.0382572
1.46817 0.030226
1.46508 0.0154079
1.54 0.018
NH4SO4_DATA
1.61315 0.1569 ! Band 1
1.38372 0.0344964 ! Band 2
1.45429 0.000982385 ! Band 3
1.46817 0.00104291 ! Band 4
1.48081 7.90317e-05 ! Band 5
1.49332 8.1233e-05 ! Band 6
1.50114 1.53052e-05 ! Band 7
1.5136 1.41223e-06 ! Band 8
1.52489 1.01714e-07 ! Band 9
1.5311 1e-07 ! Band 10
1.54 1e-07 ! Band 11
1.54 1e-07 ! Band 12
1.54 1e-07 ! Band 13
1.56557 0.316259 ! Band 14
NH4SO4_LW_DATA
2.14 1.12
1.58567 0.0397233
1.89912 0.046488
1.56284 0.0418908
1.70792 0.02
1.88489 0.0399928
2.48639 0.392396
1.77528 1.31972
1.45456 0.153382
1.69138 0.400868
1.32831 0.0159012
1.44566 0.00701721
1.48658 0.00716845
1.51364 0.0102886
1.54513 0.0151755
1.61176 0.162369
NO3_DATA
1.82449 0.265173 ! Band 1
1.42137 0.0541205 ! Band 2
1.54429 0.00226966 ! Band 3
1.55817 0.00259662 ! Band 4
1.56081 0.00151153 ! Band 5
1.57332 0.00126404 ! Band 6
1.58114 0.000152993 ! Band 7
1.5936 1.10319e-05 ! Band 8
1.60977 9.34547e-08 ! Band 9
1.61 1e-07 ! Band 10
1.61 1e-07 ! Band 11
1.61 1e-07 ! Band 12
1.61 1e-07 ! Band 13
1.47653 0.961218 ! Band 14
NO3_LW_DATA
1.82 0.0424
1.82 0.0424
1.82112 0.0207292
1.85 0.0136
1.89815 0.0279018
1.89643 0.0356712
1.99204 0.06742
2.06486 0.13095
2.27276 0.558784
1.5784 1.2142
1.37573 0.131968
1.52124 0.0329545
1.59514 0.0144893
1.63193 0.019903
1.66898 0.0352768
1.82251 0.285386
UNSPC_DATA
1.56 0.003 ! Band 1
1.56 0.003 ! Band 2
1.56 0.003 ! Band 3
1.56 0.003 ! Band 4
1.56 0.003 ! Band 5
1.56 0.003 ! Band 6
1.56 0.003 ! Band 7
1.56 0.003 ! Band 8
1.56 0.003 ! Band 9
1.56 0.003 ! Band 10
1.56 0.003 ! Band 11
1.56 0.003 ! Band 12
1.56 0.003 ! Band 13
1.56 0.003 ! Band 14
UNSPC_LW_DATA
1.56 0.003
1.56 0.003
1.56 0.003
1.56 0.003
1.56 0.003
1.56 0.003
1.56 0.003
1.56 0.003
1.56 0.003
1.56 0.003
1.56 0.003
1.56 0.003
1.56 0.003
1.56 0.003
1.56 0.003
1.56 0.003
BC_DATA
1.95 0.79 ! Band 1
1.95 0.79 ! Band 2
1.95 0.79 ! Band 3
1.95 0.79 ! Band 4
1.95 0.79 ! Band 5
1.95 0.79 ! Band 6
1.95 0.79 ! Band 7
1.95 0.79 ! Band 8
1.95 0.79 ! Band 9
1.95 0.79 ! Band 10
1.95 0.79 ! Band 11
1.95 0.79 ! Band 12
1.95 0.79 ! Band 13
1.95 0.79 ! Band 14
BC_LW_DATA
1.95 0.79
1.95 0.79
1.95 0.79
1.95 0.79
1.95 0.79
1.95 0.79
1.95 0.79
1.95 0.79
1.95 0.79
1.95 0.79
1.95 0.79
1.95 0.79
1.95 0.79
1.95 0.79
1.95 0.79
1.95 0.79
